1.0227673130 0.0000000000
0.5471491629 -0.2573315634
-0.0304251751 -0.1800938382
0.5056484156 -0.7272280424
0.1659532961 -0.4046731406
-0.0110572184 -0.0363152821
-0.3018332671 -0.6655592986
0.6000934893 -0.3676742258
-0.2234154070 -0.6073669200
0.1419523472 0.0465744487
0.0799780002 0.5679162457
0.1105601998 -0.0209534529
-0.0076919953 0.6692693295
0.8071388264 -0.8381147732
-0.0184646929 0.2480519517
-0.1847412687 -0.4687837679
0.5310451545 0.1589685282
0.1155349290 -0.1061581568
-0.0439728682 -0.7109154933
-0.1184250057 0.3629564633
-0.4017414436 0.7008725146
-0.0408651861 -0.1128946364
-0.1060328369 -0.0666484171
0.0244881531 0.3240757704
0.1025392766 0.1122614369
1.0682213641 -0.4134810162
0.0266732759 0.0980862685
0.3610441504 -0.7144421715
-0.2845782130 -0.6458523179
0.2857970459 0.3754636387
-0.3916217426 -0.1201910660
-0.2015845169 0.2773791400
-0.0650518100 0.3134956537
-0.0453509181 0.2741179556
0.1593395970 -0.1439874604
0.4624197940 0.5027269464
0.3739148561 0.0027031902
-0.1478028598 -0.0861629391
-0.4316152928 -0.2718625845
-0.7012492998 -0.4483646404
0.7101560396 0.5992190264
0.0895384280 0.0727914698
0.8880619634 0.4747020234
-0.4063279762 0.4481970561
-0.0520249295 -0.0657826191
-0.3724523747 0.2420650132
-0.1829258154 -0.3547935140
-0.2412146971 0.2324677890
0.0427520333 0.0340617190
-0.1260729536 0.2864402677
0.6282570123 -0.0961224846
-0.2535986795 0.4049350055
0.9083858447 0.0437353470
0.3817796362 0.7353051239
0.2334166056 -0.2138981743
0.2083347288 -0.0986680845
0.6062044340 0.0622579103
0.1533050673 -0.1504966906
0.3103952281 0.0923990397
0.0876504646 -0.0701452496
-1.3286988623 -0.0095135002
0.0330492835 0.4493624932
-0.4274517952 0.9809412466
0.8426589389 0.2275488420
0.3313539052 0.3415071608
0.4225658237 0.0155628483
0.1071395891 0.2736257330
0.3233295355 0.3145438666
-0.5138539578 -0.1103243592
0.5757177711 -0.0674399781
-0.0516309925 0.1074327218
-0.0217527583 -0.6340590305
-0.4246521995 0.2801789723
-0.4391143897 0.4275240235
-0.1830624554 -0.0636567219
-0.3089946673 0.1910986668
0.2112873684 -0.1107835436
0.1270429699 -0.2077239858
0.5918557047 0.6507424080
0.3220928963 -0.2670138986
0.2542554743 -0.2900145339
0.1238984141 0.1938242370
0.1071115464 -0.4329366564
0.7787410850 0.5663956272
0.0239271607 -0.3838747789
-0.0748087549 0.1981781000
-0.1951624359 -0.0454638226
-0.6502103901 0.3676430161
0.5475156168 0.1206770412
0.2531367815 -0.2815547413
0.0900143992 0.2729711409
-0.2277334611 -0.2338556576
-0.8563744368 0.3564813279
0.4931112670 -0.3979188362
-0.1793672155 -0.0668186094
0.6438142423 -0.5107326154
0.1853713926 -0.0896146332
0.2501858673 0.0914572256
-0.2795040540 -0.1032073412
0.5656432343 -0.6469209084
-0.0325138905 -0.0810481831
-0.2153068366 0.6033293327
-0.3493052137 0.4593271529
0.0688868104 0.4571529313
0.6915524991 0.2678454978
0.5446285340 0.5415372768
0.3950721809 0.1524583879
0.6127908384 -0.5694555756
0.4962863434 -0.0706774256
-0.1193776065 -0.3731148702
0.3640293275 -0.8559190074
0.3216038922 0.3890169119
-0.6372243639 0.1613345269
0.8184317973 0.1897428843
0.3650760800 0.7998796077
1.1628991038 -0.3249687257
-0.2897984435 0.1018647321
-0.3519753352 -0.4674507546
-0.4058412952 0.5086775257
-0.0668863044 0.2487570096
0.8228034323 0.2907637278
0.4736648461 -0.2739969290
0.1881779843 -0.3488786400
0.0576200298 0.0443291563
0.2542836790 0.5004441082
0.2650920976 -0.6089733136
0.9131558804 0.0056947832
-0.1596271184 0.2481836433
-0.2883105860 0.3586417466
-0.0236213336 0.1674252647
0.0001662689 -0.0053404554
0.0708709423 -0.0084484094
-0.3305729918 0.1041543064
-0.4242612803 0.4760367310
0.7394412008 -0.0773549222
0.0141281603 -0.2161462135
0.3279260227 0.0402445188
0.3732181392 -0.6247949693
-0.3969870010 -0.2538922484
-0.3525731147 -0.0165228106
-0.4052936738 0.1582696857
-1.0388653552 0.1969536211
0.0416028132 -0.3854089210
0.4300181066 0.1977116630
-0.3416305440 0.3318627801
-0.0089211179 -0.0507456237
0.6398188970 -0.1152917260
-0.1715752441 -0.1556158158
0.0683970580 -0.6795136156
0.9547868306 0.2482888161
-0.6905157412 -0.2117154998
-0.0605136123 0.1037378643
-0.1963315236 0.4700075841
-0.1452856086 0.5686211436
-0.0583620509 -0.0032225490
0.3840617781 0.8941411505
0.5428064986 -0.2155073913
0.2136182294 -0.0633346693
-0.2369507756 -0.4737722495
-0.1037169783 -0.4154847904
0.5592815097 0.2516147946
-0.6448149571 -0.0957890376
0.1136381971 -0.0198040505
-0.2229863430 -0.1149572206
-0.0276421247 0.6011335552
-0.0240615983 -0.6765499016
0.3229080929 -0.1412085888
0.3238602328 -0.4344447444
-0.4976350150 0.0390705105
0.0779272420 -0.8316011193
-0.2692331423 0.1332478221
0.1078592743 -0.2690740590
0.3083888697 -1.1159781180
-0.3658724156 0.5223015557
-0.1758596967 -0.7245268608
0.3319446897 0.7504238186
-0.0022250639 0.4622980429
0.6156662123 -0.4436702662
0.0037716446 0.8013479026
0.4784059114 -0.5147895445
-0.1284834514 0.0146668800
-0.2110807763 0.0879080425
-0.4581803296 0.0395699727
-0.0882857792 0.1616518210
-0.1353535113 0.6363959551
0.8583272750 -0.0529397490
-0.1968073908 -0.0624615996
-0.0905934650 -0.5017354244
-0.2373738543 0.5449538728
-0.5409627354 -0.7475755487
0.1382570621 0.2664173259
0.2997913158 -0.1306325465
-0.5546277168 -0.3683065990
-0.6026840998 0.5268188471
0.0364418799 -0.7240210890
-0.9058522921 -0.1491323586
-0.6049453691 0.2628121766
-0.2649507192 0.3971715469
0.1859508292 0.5789403275
-0.2320054119 -0.1918792710
-0.0336229577 0.5746468410
-0.8621062098 -0.1751626445
0.5871273772 -0.2028078323
-0.5790791240 0.0424371958
-0.1173868913 -0.2682009732
0.0746845430 0.1228756513
-0.3139996898 -0.0559105967
0.1767934190 0.5704058412
0.1066985345 0.3625454081
0.2355604702 -0.1604458988
-0.4288562468 -0.5986443178
0.8336110759 0.1135218763
-0.4170968634 -0.1740159558
0.3387117892 -0.3192312146
-0.9680406830 -0.8380915525
0.3384801421 -0.2239327625
-0.6811601145 -0.0166334035
0.0273451731 -0.5360586886
0.2141119563 0.2078775377
-0.4701287861 0.6036772024
-0.0111618574 0.2191093267
0.4934020302 0.2478725138
-1.2034291032 -0.8227550897
0.2961405759 0.2813371225
-0.4489034441 0.9979035745
-0.0634532116 0.6760416611
0.3355416032 0.2584958881
0.0953346594 0.1847778026
0.6175452513 -0.6915852990
0.5278478783 -0.3397369451
-0.0351850706 -0.1938670608
-0.1429796554 -0.5589234534
-0.2941116816 0.4607771833
-0.5922906701 -0.5723816874
-0.2688691076 0.6134370450
-0.3465916159 0.0518720949
0.1764064951 0.1686137843
0.6371549843 0.3602116934
-0.1435740489 0.6686980440
0.2839006751 -0.6238785788
0.2308876267 0.2560887273
-0.2578678717 -0.4400288515
0.1133152944 -0.2839971765
-0.0526039351 -0.1885297401
-0.7514205043 0.2536299168
-0.2262152452 -0.0933795064
-0.0995827602 1.1842916375
0.1774384828 -0.5454168217
0.1534807364 0.3500231380
-0.2534066932 0.1975921101
0.0278166413 0.4023056130
0.4317638353 -0.3539668719
-0.0610467863 0.2519898628
-0.0859936161 -0.0218858285
0.0900006967 0.4174859460
-0.0906324118 -0.1582857244
0.6621321296 -0.3753919142
-0.2901993019 0.2208696126
0.2635920323 -0.7907610180
-0.2131684645 -0.1995541258
-0.0083134647 -0.2256898759
-0.9811310518 0.2667314661
0.1746803921 0.0298329860
-0.3688834602 0.0357857358
0.0257290586 -0.3430939648
-0.4875840281 0.1016247699
0.3128995084 -0.3480147075
0.2258871384 0.5296185755
0.7552513204 -0.7237311439
0.0189122866 -0.8246206304
-0.8417529475 -0.5072689779
-0.0934674931 -0.3785013496
0.1061277387 0.3655929823
0.5024509046 -0.6502544329
-0.8669878959 -0.0888004714
-0.0126251270 0.1664937340
-0.2260315558 -0.2766238036
0.2842384034 0.2282373272
0.4176175902 -0.7463053746
-0.0659283799 -0.0028249554
-0.3890124083 -0.4707185771
-0.1871861042 -0.0282836039
0.2435776836 -0.1768871196
-0.1047647364 -0.4262749552
0.3813886483 -0.2836639461
-0.0032070442 0.0944166929
-0.6093248990 -1.0591756571
-0.7465919955 -0.5299053629
-0.0251099915 0.0136215693
-0.6300197540 0.4757491258
1.1409821399 0.0468604144
0.1752481346 0.1924185312
0.0527726644 -0.7744363753
-0.5911996901 -0.2719498849
0.0080718783 -0.4803682992
-0.0592184697 0.3504483118
-0.2105788502 -0.5809822932
-0.0293633860 0.3678939761
0.4912710197 0.3249701047
-0.4130657875 0.6541910443
0.3833462880 -0.1736516024
0.3200480201 0.1788882760
0.3120635307 -0.4297106452
-0.4154925568 0.2523653275
0.2213049844 -0.4785675723
-0.1839970751 -0.2319299556
0.2903472231 -0.0060492374
-0.5935754938 0.1612065703
0.6158827268 -0.1899117821
0.1897291441 0.1956365386
0.4475796965 -0.6942245431
-0.1498245281 0.2731449036
-0.0059575457 -0.0694652668
-0.2086844693 0.4762740223
0.1729037685 -0.0755599948
-0.2217816465 0.3307706144
-0.2264774888 0.2368745880
0.1941768232 0.2063663735
-0.5735142386 -0.0414526184
-0.5391390516 -0.1472848920
0.1177309718 -0.6766931089
0.3997782195 -0.2855246488
0.3783632874 0.6294972755
0.6553386001 0.1993188719
-0.2159772546 -1.0879826697
0.2397244065 -0.6904038354
-0.6408211473 0.3941171318
-0.0197045726 -0.8622335983
0.5306690309 0.0938010369
-0.0448305599 -0.5557765407
0.1072066717 -0.1360306070
0.2102584719 0.2141179546
0.3020439143 -0.1574828981
0.5340803263 -0.3751117967
0.2907586618 -0.3424276904
-0.0539745710 -0.3193896752
0.9708129876 -0.1458245779
-0.0064418493 -0.1125001855
0.8566300157 -0.9762001913
-0.5669682191 -0.5338287438
-0.4942838495 0.1413259561
-0.2886662543 -0.1644021988
0.0961378734 0.4037608262
0.1628445018 0.4060969528
-0.2888785629 -0.6417052345
0.7290836901 0.1782953214
-0.2257751453 -0.3354123069
0.3388498527 -0.2245635296
-0.8292369313 -0.2573366372
-0.4763311080 -0.0374968599
0.3276202449 0.0719227227
-0.2681957243 0.1245311607
-0.1026000451 -0.4576518771
0.7105308802 0.0593453084
0.3139153567 0.0595805241
0.6630812846 -0.4343363689
-0.5303681591 -0.3805114771
0.3108862771 -0.8166720847
0.3895722490 0.0156379150
-0.5216181548 -0.8873791763
0.4548729821 -0.2119252068
-0.4158131518 0.5532089642
-0.0444633298 -0.5520243677
0.3422250121 0.0916659682
-0.2490513981 0.1305525904
0.1432555058 -0.3329199002
-0.3142921323 -0.4246805780
-0.9170223817 0.1466007710
-0.1858889682 -0.2942915606
0.1212878385 0.6852329894
0.1060405233 -0.0730948380
0.5412497486 0.3357756085
0.0770459520 0.1883039567
0.1425552797 -0.3243187606
-0.0804815488 -0.1327803815
0.3205882515 0.1557755984
-1.1173319285 0.0225374328
0.4985274279 -0.0497308104
-0.5229758911 0.1105031182
-0.1231933426 -0.0558020185
0.0679038526 0.0239914608
0.0525811056 0.3176375421
0.7745761722 -0.1010411263
-0.2052428956 -0.4373474476
-0.8086855330 -0.4264010736
-0.5000025743 0.0690732808
-0.6425647731 -0.6108647047
0.5569317136 0.3524310205
-0.9174223345 -0.3053625812
0.3014694886 -0.6361063958
-0.6182279495 0.2114983890
-0.6830955133 0.0689246660
0.2362283390 1.0170259862
0.6157359341 0.1309094828
0.5058691758 0.2451497425
-0.0495487325 -0.5949783907
0.0137929627 -0.4023509760
0.0735085286 0.0294087297
-0.5665525688 0.1292719994
0.5109618558 -0.2510533860
-0.0769219270 0.4244301241
-0.4362370983 -0.1751968148
0.5959649633 -0.0420910142
0.5290553234 0.8169699278
-0.1272314070 -0.5119984833
0.2768611360 -0.2998696193
-0.3101851082 0.3481504334
-0.3786705367 0.0406844789
0.0936576168 0.7967609350
0.0774179330 0.3087303954
0.5661518161 0.4155047318
0.9161232712 -0.0357333453
0.0600498830 0.0134769544
-0.1837118380 -0.4529881507
-0.3334376819 -0.6465983208
-0.5752587354 -0.2424779485
0.0836836317 -0.5114884102
0.0550130897 0.5121147328
-0.3581096316 0.3337068177
0.2524886599 0.0134302505
0.0550264253 0.1353484957
-0.1525888104 0.3790341061
0.4971124977 0.0684429624
0.1019893523 0.0844215259
-0.1368703001 -0.5714837578
-0.3102353790 0.3754367460
-0.2475497423 -0.5715991092
-0.3851109730 -0.1139499598
0.2375492823 -0.3803752817
0.1524958878 -0.1930033395
0.2753774709 -0.0601144489
0.2485427103 0.1346614819
0.2493163148 -0.1521772409
0.2845941798 -0.5756424469
-0.6872428095 0.4009200549
0.6586392202 -0.4786963371
-0.5213018743 0.1797653206
-0.0915773516 -0.0914242266
0.1210509493 -0.7375775187
-0.1290915148 0.2578788124
0.0450967051 -0.5123118542
0.1081568592 -0.0838178855
-0.6328265348 -0.0694606820
0.0409048470 0.1672431178
0.1762718866 0.0000094442
-0.0422735069 0.0009673907
-0.3334994879 -0.5369886426
0.2590391185 0.2595007869
-0.7644425779 -0.2298355383
0.2684495509 0.2415833085
-1.0579578954 -0.2178504535
0.8243173813 0.6640276868
0.3334039717 0.6597638913
0.2625426855 0.3464243658
1.0915498883 -0.9782192039
0.7345550834 -0.7467818085
-0.5313099804 -1.4579554279
0.4991528505 0.1609599729
-0.8381503860 -0.0146443114
0.2285915376 -0.1677983221
-0.0211619970 -0.1551624459
0.4315090549 -0.5229434855
0.1337086183 -0.2602377310
0.3395399211 -0.7946504886
-0.1308678640 -0.1412058964
-0.3276483564 -0.5088605690
-0.2754113067 0.5493404814
0.6109883202 -0.7153177951
0.0773787810 0.4980556785
-0.2449295256 -0.2274387146
-0.0134212940 0.2607290496
0.5441192212 -0.2144819055
-0.4555228633 -0.2200823807
-0.1648769124 -0.3549103971
-0.0125799090 0.7044728345
-0.0457659133 -0.1752591392
0.2546672643 0.5759825300
0.0418313812 -0.2856560875
-0.0582668404 -0.1759212287
-0.0258330773 0.3300667747
-0.1847230962 0.5166739512
0.6377125818 -0.2268347808
0.1666881942 0.0823563608
-0.0942120006 -0.6984084646
0.3162649120 0.0113577180
-0.5428918860 -0.8289206490
-0.6471592111 0.0168410631
-0.9362396607 -0.2754615322
-0.0337516218 0.3232012427
-0.5311855371 0.3764998123
0.3560566436 -0.2191196389
-0.2327241817 0.4197023803
0.5914224942 0.2003359562
0.8636923100 -0.4295823853
0.1492379096 -0.1627337579
-0.2191155253 -0.5491062649
0.3621352742 -0.9146493766
-0.0491384597 -0.3666609991
0.0479162081 -0.1315020524
-0.0366227193 -0.2484775692
0.1106085141 -0.1292888550
-0.3754249625 -0.1397746446
-0.5916943968 0.6222138592
0.3331077163 0.0814519493
0.5061886110 -0.3650653657
-0.4374685669 -0.4430161660
-0.1823748615 -0.1468784596
0.0881635278 -0.0667709723
0.2935528522 -0.2524034607
-0.3007275017 -0.0267603626
-0.5133573066 0.2523925307
-0.0767450345 0.7701500515
0.5417250050 0.0000000000
-0.0767450345 -0.7701500515
-0.5133573066 -0.2523925307
-0.3007275017 0.0267603626
0.2935528522 0.2524034607
0.0881635278 0.0667709723
-0.1823748615 0.1468784596
-0.4374685669 0.4430161660
0.5061886110 0.3650653657
0.3331077163 -0.0814519493
-0.5916943968 -0.6222138592
-0.3754249625 0.1397746446
0.1106085141 0.1292888550
-0.0366227193 0.2484775692
0.0479162081 0.1315020524
-0.0491384597 0.3666609991
0.3621352742 0.9146493766
-0.2191155253 0.5491062649
0.1492379096 0.1627337579
0.8636923100 0.4295823853
0.5914224942 -0.2003359562
-0.2327241817 -0.4197023803
0.3560566436 0.2191196389
-0.5311855371 -0.3764998123
-0.0337516218 -0.3232012427
-0.9362396607 0.2754615322
-0.6471592111 -0.0168410631
-0.5428918860 0.8289206490
0.3162649120 -0.0113577180
-0.0942120006 0.6984084646
0.1666881942 -0.0823563608
0.6377125818 0.2268347808
-0.1847230962 -0.5166739512
-0.0258330773 -0.3300667747
-0.0582668404 0.1759212287
0.0418313812 0.2856560875
0.2546672643 -0.5759825300
-0.0457659133 0.1752591392
-0.0125799090 -0.7044728345
-0.1648769124 0.3549103971
-0.4555228633 0.2200823807
0.5441192212 0.2144819055
-0.0134212940 -0.2607290496
-0.2449295256 0.2274387146
0.0773787810 -0.4980556785
0.6109883202 0.7153177951
-0.2754113067 -0.5493404814
-0.3276483564 0.5088605690
-0.1308678640 0.1412058964
0.3395399211 0.7946504886
0.1337086183 0.2602377310
0.4315090549 0.5229434855
-0.0211619970 0.1551624459
0.2285915376 0.1677983221
-0.8381503860 0.0146443114
0.4991528505 -0.1609599729
-0.5313099804 1.4579554279
0.7345550834 0.7467818085
1.0915498883 0.9782192039
0.2625426855 -0.3464243658
0.3334039717 -0.6597638913
0.8243173813 -0.6640276868
-1.0579578954 0.2178504535
0.2684495509 -0.2415833085
-0.7644425779 0.2298355383
0.2590391185 -0.2595007869
-0.3334994879 0.5369886426
-0.0422735069 -0.0009673907
0.1762718866 -0.0000094442
0.0409048470 -0.1672431178
-0.6328265348 0.0694606820
0.1081568592 0.0838178855
0.0450967051 0.5123118542
-0.1290915148 -0.2578788124
0.1210509493 0.7375775187
-0.0915773516 0.0914242266
-0.5213018743 -0.1797653206
0.6586392202 0.4786963371
-0.6872428095 -0.4009200549
0.2845941798 0.5756424469
0.2493163148 0.1521772409
0.2485427103 -0.1346614819
0.2753774709 0.0601144489
0.1524958878 0.1930033395
0.2375492823 0.3803752817
-0.3851109730 0.1139499598
-0.2475497423 0.5715991092
-0.3102353790 -0.3754367460
-0.1368703001 0.5714837578
0.1019893523 -0.0844215259
0.4971124977 -0.0684429624
-0.1525888104 -0.3790341061
0.0550264253 -0.1353484957
0.2524886599 -0.0134302505
-0.3581096316 -0.3337068177
0.0550130897 -0.5121147328
0.0836836317 0.5114884102
-0.5752587354 0.2424779485
-0.3334376819 0.6465983208
-0.1837118380 0.4529881507
0.0600498830 -0.0134769544
0.9161232712 0.0357333453
0.5661518161 -0.4155047318
0.0774179330 -0.3087303954
0.0936576168 -0.7967609350
-0.3786705367 -0.0406844789
-0.3101851082 -0.3481504334
0.2768611360 0.2998696193
-0.1272314070 0.5119984833
0.5290553234 -0.8169699278
0.5959649633 0.0420910142
-0.4362370983 0.1751968148
-0.0769219270 -0.4244301241
0.5109618558 0.2510533860
-0.5665525688 -0.1292719994
0.0735085286 -0.0294087297
0.0137929627 0.4023509760
-0.0495487325 0.5949783907
0.5058691758 -0.2451497425
0.6157359341 -0.1309094828
0.2362283390 -1.0170259862
-0.6830955133 -0.0689246660
-0.6182279495 -0.2114983890
0.3014694886 0.6361063958
-0.9174223345 0.3053625812
0.5569317136 -0.3524310205
-0.6425647731 0.6108647047
-0.5000025743 -0.0690732808
-0.8086855330 0.4264010736
-0.2052428956 0.4373474476
0.7745761722 0.1010411263
0.0525811056 -0.3176375421
0.0679038526 -0.0239914608
-0.1231933426 0.0558020185
-0.5229758911 -0.1105031182
0.4985274279 0.0497308104
-1.1173319285 -0.0225374328
0.3205882515 -0.1557755984
-0.0804815488 0.1327803815
0.1425552797 0.3243187606
0.0770459520 -0.1883039567
0.5412497486 -0.3357756085
0.1060405233 0.0730948380
0.1212878385 -0.6852329894
-0.1858889682 0.2942915606
-0.9170223817 -0.1466007710
-0.3142921323 0.4246805780
0.1432555058 0.3329199002
-0.2490513981 -0.1305525904
0.3422250121 -0.0916659682
-0.0444633298 0.5520243677
-0.4158131518 -0.5532089642
0.4548729821 0.2119252068
-0.5216181548 0.8873791763
0.3895722490 -0.0156379150
0.3108862771 0.8166720847
-0.5303681591 0.3805114771
0.6630812846 0.4343363689
0.3139153567 -0.0595805241
0.7105308802 -0.0593453084
-0.1026000451 0.4576518771
-0.2681957243 -0.1245311607
0.3276202449 -0.0719227227
-0.4763311080 0.0374968599
-0.8292369313 0.2573366372
0.3388498527 0.2245635296
-0.2257751453 0.3354123069
0.7290836901 -0.1782953214
-0.2888785629 0.6417052345
0.1628445018 -0.4060969528
0.0961378734 -0.4037608262
-0.2886662543 0.1644021988
-0.4942838495 -0.1413259561
-0.5669682191 0.5338287438
0.8566300157 0.9762001913
-0.0064418493 0.1125001855
0.9708129876 0.1458245779
-0.0539745710 0.3193896752
0.2907586618 0.3424276904
0.5340803263 0.3751117967
0.3020439143 0.1574828981
0.2102584719 -0.2141179546
0.1072066717 0.1360306070
-0.0448305599 0.5557765407
0.5306690309 -0.0938010369
-0.0197045726 0.8622335983
-0.6408211473 -0.3941171318
0.2397244065 0.6904038354
-0.2159772546 1.0879826697
0.6553386001 -0.1993188719
0.3783632874 -0.6294972755
0.3997782195 0.2855246488
0.1177309718 0.6766931089
-0.5391390516 0.1472848920
-0.5735142386 0.0414526184
0.1941768232 -0.2063663735
-0.2264774888 -0.2368745880
-0.2217816465 -0.3307706144
0.1729037685 0.0755599948
-0.2086844693 -0.4762740223
-0.0059575457 0.0694652668
-0.1498245281 -0.2731449036
0.4475796965 0.6942245431
0.1897291441 -0.1956365386
0.6158827268 0.1899117821
-0.5935754938 -0.1612065703
0.2903472231 0.0060492374
-0.1839970751 0.2319299556
0.2213049844 0.4785675723
-0.4154925568 -0.2523653275
0.3120635307 0.4297106452
0.3200480201 -0.1788882760
0.3833462880 0.1736516024
-0.4130657875 -0.6541910443
0.4912710197 -0.3249701047
-0.0293633860 -0.3678939761
-0.2105788502 0.5809822932
-0.0592184697 -0.3504483118
0.0080718783 0.4803682992
-0.5911996901 0.2719498849
0.0527726644 0.7744363753
0.1752481346 -0.1924185312
1.1409821399 -0.0468604144
-0.6300197540 -0.4757491258
-0.0251099915 -0.0136215693
-0.7465919955 0.5299053629
-0.6093248990 1.0591756571
-0.0032070442 -0.0944166929
0.3813886483 0.2836639461
-0.1047647364 0.4262749552
0.2435776836 0.1768871196
-0.1871861042 0.0282836039
-0.3890124083 0.4707185771
-0.0659283799 0.0028249554
0.4176175902 0.7463053746
0.2842384034 -0.2282373272
-0.2260315558 0.2766238036
-0.0126251270 -0.1664937340
-0.8669878959 0.0888004714
0.5024509046 0.6502544329
0.1061277387 -0.3655929823
-0.0934674931 0.3785013496
-0.8417529475 0.5072689779
0.0189122866 0.8246206304
0.7552513204 0.7237311439
0.2258871384 -0.5296185755
0.3128995084 0.3480147075
-0.4875840281 -0.1016247699
0.0257290586 0.3430939648
-0.3688834602 -0.0357857358
0.1746803921 -0.0298329860
-0.9811310518 -0.2667314661
-0.0083134647 0.2256898759
-0.2131684645 0.1995541258
0.2635920323 0.7907610180
-0.2901993019 -0.2208696126
0.6621321296 0.3753919142
-0.0906324118 0.1582857244
0.0900006967 -0.4174859460
-0.0859936161 0.0218858285
-0.0610467863 -0.2519898628
0.4317638353 0.3539668719
0.0278166413 -0.4023056130
-0.2534066932 -0.1975921101
0.1534807364 -0.3500231380
0.1774384828 0.5454168217
-0.0995827602 -1.1842916375
-0.2262152452 0.0933795064
-0.7514205043 -0.2536299168
-0.0526039351 0.1885297401
0.1133152944 0.2839971765
-0.2578678717 0.4400288515
0.2308876267 -0.2560887273
0.2839006751 0.6238785788
-0.1435740489 -0.6686980440
0.6371549843 -0.3602116934
0.1764064951 -0.1686137843
-0.3465916159 -0.0518720949
-0.2688691076 -0.6134370450
-0.5922906701 0.5723816874
-0.2941116816 -0.4607771833
-0.1429796554 0.5589234534
-0.0351850706 0.1938670608
0.5278478783 0.3397369451
0.6175452513 0.6915852990
0.0953346594 -0.1847778026
0.3355416032 -0.2584958881
-0.0634532116 -0.6760416611
-0.4489034441 -0.9979035745
0.2961405759 -0.2813371225
-1.2034291032 0.8227550897
0.4934020302 -0.2478725138
-0.0111618574 -0.2191093267
-0.4701287861 -0.6036772024
0.2141119563 -0.2078775377
0.0273451731 0.5360586886
-0.6811601145 0.0166334035
0.3384801421 0.2239327625
-0.9680406830 0.8380915525
0.3387117892 0.3192312146
-0.4170968634 0.1740159558
0.8336110759 -0.1135218763
-0.4288562468 0.5986443178
0.2355604702 0.1604458988
0.1066985345 -0.3625454081
0.1767934190 -0.5704058412
-0.3139996898 0.0559105967
0.0746845430 -0.1228756513
-0.1173868913 0.2682009732
-0.5790791240 -0.0424371958
0.5871273772 0.2028078323
-0.8621062098 0.1751626445
-0.0336229577 -0.5746468410
-0.2320054119 0.1918792710
0.1859508292 -0.5789403275
-0.2649507192 -0.3971715469
-0.6049453691 -0.2628121766
-0.9058522921 0.1491323586
0.0364418799 0.7240210890
-0.6026840998 -0.5268188471
-0.5546277168 0.3683065990
0.2997913158 0.1306325465
0.1382570621 -0.2664173259
-0.5409627354 0.7475755487
-0.2373738543 -0.5449538728
-0.0905934650 0.5017354244
-0.1968073908 0.0624615996
0.8583272750 0.0529397490
-0.1353535113 -0.6363959551
-0.0882857792 -0.1616518210
-0.4581803296 -0.0395699727
-0.2110807763 -0.0879080425
-0.1284834514 -0.0146668800
0.4784059114 0.5147895445
0.0037716446 -0.8013479026
0.6156662123 0.4436702662
-0.0022250639 -0.4622980429
0.3319446897 -0.7504238186
-0.1758596967 0.7245268608
-0.3658724156 -0.5223015557
0.3083888697 1.1159781180
0.1078592743 0.2690740590
-0.2692331423 -0.1332478221
0.0779272420 0.8316011193
-0.4976350150 -0.0390705105
0.3238602328 0.4344447444
0.3229080929 0.1412085888
-0.0240615983 0.6765499016
-0.0276421247 -0.6011335552
-0.2229863430 0.1149572206
0.1136381971 0.0198040505
-0.6448149571 0.0957890376
0.5592815097 -0.2516147946
-0.1037169783 0.4154847904
-0.2369507756 0.4737722495
0.2136182294 0.0633346693
0.5428064986 0.2155073913
0.3840617781 -0.8941411505
-0.0583620509 0.0032225490
-0.1452856086 -0.5686211436
-0.1963315236 -0.4700075841
-0.0605136123 -0.1037378643
-0.6905157412 0.2117154998
0.9547868306 -0.2482888161
0.0683970580 0.6795136156
-0.1715752441 0.1556158158
0.6398188970 0.1152917260
-0.0089211179 0.0507456237
-0.3416305440 -0.3318627801
0.4300181066 -0.1977116630
0.0416028132 0.3854089210
-1.0388653552 -0.1969536211
-0.4052936738 -0.1582696857
-0.3525731147 0.0165228106
-0.3969870010 0.2538922484
0.3732181392 0.6247949693
0.3279260227 -0.0402445188
0.0141281603 0.2161462135
0.7394412008 0.0773549222
-0.4242612803 -0.4760367310
-0.3305729918 -0.1041543064
0.0708709423 0.0084484094
0.0001662689 0.0053404554
-0.0236213336 -0.1674252647
-0.2883105860 -0.3586417466
-0.1596271184 -0.2481836433
0.9131558804 -0.0056947832
0.2650920976 0.6089733136
0.2542836790 -0.5004441082
0.0576200298 -0.0443291563
0.1881779843 0.3488786400
0.4736648461 0.2739969290
0.8228034323 -0.2907637278
-0.0668863044 -0.2487570096
-0.4058412952 -0.5086775257
-0.3519753352 0.4674507546
-0.2897984435 -0.1018647321
1.1628991038 0.3249687257
0.3650760800 -0.7998796077
0.8184317973 -0.1897428843
-0.6372243639 -0.1613345269
0.3216038922 -0.3890169119
0.3640293275 0.8559190074
-0.1193776065 0.3731148702
0.4962863434 0.0706774256
0.6127908384 0.5694555756
0.3950721809 -0.1524583879
0.5446285340 -0.5415372768
0.6915524991 -0.2678454978
0.0688868104 -0.4571529313
-0.3493052137 -0.4593271529
-0.2153068366 -0.6033293327
-0.0325138905 0.0810481831
0.5656432343 0.6469209084
-0.2795040540 0.1032073412
0.2501858673 -0.0914572256
0.1853713926 0.0896146332
0.6438142423 0.5107326154
-0.1793672155 0.0668186094
0.4931112670 0.3979188362
-0.8563744368 -0.3564813279
-0.2277334611 0.2338556576
0.0900143992 -0.2729711409
0.2531367815 0.2815547413
0.5475156168 -0.1206770412
-0.6502103901 -0.3676430161
-0.1951624359 0.0454638226
-0.0748087549 -0.1981781000
0.0239271607 0.3838747789
0.7787410850 -0.5663956272
0.1071115464 0.4329366564
0.1238984141 -0.1938242370
0.2542554743 0.2900145339
0.3220928963 0.2670138986
0.5918557047 -0.6507424080
0.1270429699 0.2077239858
0.2112873684 0.1107835436
-0.3089946673 -0.1910986668
-0.1830624554 0.0636567219
-0.4391143897 -0.4275240235
-0.4246521995 -0.2801789723
-0.0217527583 0.6340590305
-0.0516309925 -0.1074327218
0.5757177711 0.0674399781
-0.5138539578 0.1103243592
0.3233295355 -0.3145438666
0.1071395891 -0.2736257330
0.4225658237 -0.0155628483
0.3313539052 -0.3415071608
0.8426589389 -0.2275488420
-0.4274517952 -0.9809412466
0.0330492835 -0.4493624932
-1.3286988623 0.0095135002
0.0876504646 0.0701452496
0.3103952281 -0.0923990397
0.1533050673 0.1504966906
0.6062044340 -0.0622579103
0.2083347288 0.0986680845
0.2334166056 0.2138981743
0.3817796362 -0.7353051239
0.9083858447 -0.0437353470
-0.2535986795 -0.4049350055
0.6282570123 0.0961224846
-0.1260729536 -0.2864402677
0.0427520333 -0.0340617190
-0.2412146971 -0.2324677890
-0.1829258154 0.3547935140
-0.3724523747 -0.2420650132
-0.0520249295 0.0657826191
-0.4063279762 -0.4481970561
0.8880619634 -0.4747020234
0.0895384280 -0.0727914698
0.7101560396 -0.5992190264
-0.7012492998 0.4483646404
-0.4316152928 0.2718625845
-0.1478028598 0.0861629391
0.3739148561 -0.0027031902
0.4624197940 -0.5027269464
0.1593395970 0.1439874604
-0.0453509181 -0.2741179556
-0.0650518100 -0.3134956537
-0.2015845169 -0.2773791400
-0.3916217426 0.1201910660
0.2857970459 -0.3754636387
-0.2845782130 0.6458523179
0.3610441504 0.7144421715
0.0266732759 -0.0980862685
1.0682213641 0.4134810162
0.1025392766 -0.1122614369
0.0244881531 -0.3240757704
-0.1060328369 0.0666484171
-0.0408651861 0.1128946364
-0.4017414436 -0.7008725146
-0.1184250057 -0.3629564633
-0.0439728682 0.7109154933
0.1155349290 0.1061581568
0.5310451545 -0.1589685282
-0.1847412687 0.4687837679
-0.0184646929 -0.2480519517
0.8071388264 0.8381147732
-0.0076919953 -0.6692693295
0.1105601998 0.0209534529
0.0799780002 -0.5679162457
0.1419523472 -0.0465744487
-0.2234154070 0.6073669200
0.6000934893 0.3676742258
-0.3018332671 0.6655592986
-0.0110572184 0.0363152821
0.1659532961 0.4046731406
0.5056484156 0.7272280424
-0.0304251751 0.1800938382
0.5471491629 0.2573315634
