0.0194374240 0.0
0.0492693708 0.0
-0.0091694513 0.0
0.0079145310 0.0
-0.0136616940 0.0
-0.0209750036 0.0
-0.0313982415 0.0
0.0283965932 0.0
-0.0038831629 0.0
0.0284606066 0.0
0.0007066852 0.0
-0.0163421912 0.0
0.0323177002 0.0
0.0208763809 0.0
-0.0162305159 0.0
0.0140500437 0.0
0.0148971282 0.0
0.0102640878 0.0
0.0102920922 0.0
0.0235228646 0.0
0.0156127888 0.0
-0.0114941827 0.0
-0.0121474547 0.0
0.0061244844 0.0
-0.0059296469 0.0
0.0232878358 0.0
-0.0057950683 0.0
0.0192614039 0.0
-0.0074830759 0.0
0.0064173609 0.0
-0.0067963246 0.0
0.0043474157 0.0
0.0004398810 0.0
-0.0009745219 0.0
0.0122232450 0.0
0.0046187196 0.0
0.0054898216 0.0
-0.0086492435 0.0
0.0280827942 0.0
0.0058951761 0.0
0.0310896296 0.0
0.0254020553 0.0
-0.0492012614 0.0
0.0085964540 0.0
0.0122913229 0.0
0.0261571075 0.0
-0.0013926701 0.0
0.0003982693 0.0
-0.0057310902 0.0
0.0258272014 0.0
0.0211203336 0.0
-0.0178095491 0.0
0.0131879701 0.0
-0.0312074984 0.0
0.0227849111 0.0
0.0083128394 0.0
-0.0018929611 0.0
0.0000000000 0.0
0.0263987333 0.0
-0.0031077852 0.0
0.0230230136 0.0
0.0042909817 0.0
0.0017477461 0.0
-0.0046237854 0.0
0.0164129340 0.0
0.0068537938 0.0
-0.0123811335 0.0
-0.0020223194 0.0
0.0208549086 0.0
-0.0138976359 0.0
0.0028050944 0.0
-0.0465847897 0.0
-0.0024804924 0.0
0.0234237787 0.0
-0.0165636936 0.0
0.0189866633 0.0
0.0120277242 0.0
0.0995633909 0.0
0.0248854461 0.0
0.0066558640 0.0
0.0036182431 0.0
0.0342943651 0.0
-0.0229982083 0.0
0.0144302596 0.0
-0.0301909989 0.0
0.0326939903 0.0
0.0175426811 0.0
-0.0008916014 0.0
-0.0026141793 0.0
0.0082982087 0.0
0.0012538659 0.0
0.0219469407 0.0
0.0502486618 0.0
0.0118892826 0.0
-0.0082376268 0.0
0.0135075065 0.0
-0.0120263726 0.0
-0.0016211744 0.0
0.0333498226 0.0
0.0390595813 0.0
-0.0209359223 0.0
-0.0834477450 0.0
0.0006613582 0.0
-0.0696660009 0.0
0.0391115027 0.0
-0.0331904357 0.0
-0.0132159158 0.0
0.0295589135 0.0
0.0015590174 0.0
-0.0299578938 0.0
-0.0160924348 0.0
-0.0322341573 0.0
0.0298750319 0.0
0.0155936923 0.0
-0.0428512852 0.0
0.0102165657 0.0
0.0368293414 0.0
0.0235885725 0.0
-0.0075965569 0.0
0.0149633052 0.0
0.0084263329 0.0
-0.0328126122 0.0
0.0303264589 0.0
-0.0290884471 0.0
0.0168248176 0.0
-0.0009561849 0.0
0.0172461119 0.0
0.0615847848 0.0
-0.0268856655 0.0
0.0007429287 0.0
-0.0039687230 0.0
-0.0140993154 0.0
-0.0258736000 0.0
0.0131056420 0.0
-0.0054612828 0.0
-0.0096295722 0.0
-0.0061528141 0.0
0.0000869170 0.0
0.0133824165 0.0
-0.0474188285 0.0
0.0363804550 0.0
-0.0576482525 0.0
-0.0008271112 0.0
0.0152370688 0.0
0.0400247420 0.0
0.0348784278 0.0
-0.0011368449 0.0
-0.0201700456 0.0
-0.0030134077 0.0
0.0299010272 0.0
-0.0023459754 0.0
0.0004193116 0.0
0.0086827828 0.0
-0.0075932377 0.0
-0.0114567503 0.0
0.0051549692 0.0
-0.0110181112 0.0
-0.0301938468 0.0
0.0115276538 0.0
0.0074392350 0.0
0.0048148604 0.0
0.0208799694 0.0
0.0303618226 0.0
0.0029292565 0.0
-0.0011381183 0.0
-0.0056283819 0.0
0.0121953389 0.0
0.0050778657 0.0
-0.0211251653 0.0
0.0119174838 0.0
-0.0067576225 0.0
-0.0051598613 0.0
0.0488762034 0.0
-0.0005474766 0.0
0.0069393588 0.0
-0.0159778169 0.0
0.0123191355 0.0
0.0280667999 0.0
-0.0070001069 0.0
0.0076827521 0.0
0.0351406551 0.0
-0.0134042285 0.0
-0.0085634683 0.0
-0.0077322758 0.0
-0.0250300435 0.0
0.0122877696 0.0
-0.0342410130 0.0
0.0335539004 0.0
0.0085943464 0.0
-0.0235234107 0.0
-0.0013963487 0.0
0.0160962905 0.0
-0.0152425663 0.0
-0.0138257236 0.0
0.0054123679 0.0
0.0323278372 0.0
0.0360027107 0.0
0.0159456607 0.0
0.0273077230 0.0
0.0016778048 0.0
-0.0077132988 0.0
-0.0356118329 0.0
-0.0381390903 0.0
0.0163851603 0.0
0.0063165360 0.0
-0.0078085275 0.0
0.0254318400 0.0
-0.0031030722 0.0
0.0010964962 0.0
-0.0065957081 0.0
-0.0045690043 0.0
-0.0019220409 0.0
0.0017745620 0.0
-0.0162351185 0.0
-0.0178015433 0.0
-0.0086737403 0.0
0.0012323886 0.0
-0.0302519101 0.0
-0.0011116177 0.0
-0.0040604043 0.0
-0.0354018609 0.0
0.0022290779 0.0
0.0524512071 0.0
-0.0211149351 0.0
-0.0247607355 0.0
-0.0159381409 0.0
0.0106810724 0.0
-0.0425666465 0.0
0.0398452739 0.0
-0.0092089978 0.0
0.0163680253 0.0
-0.0076547012 0.0
0.0241625258 0.0
0.0126623584 0.0
-0.0064714074 0.0
-0.0344935011 0.0
-0.0044900341 0.0
0.0279417999 0.0
-0.0069125648 0.0
-0.0201961142 0.0
0.0041549661 0.0
0.0051280629 0.0
0.0014839506 0.0
-0.0123503927 0.0
0.0185916128 0.0
0.0069344969 0.0
0.0233035340 0.0
0.0024595431 0.0
0.0133013542 0.0
0.0190510207 0.0
0.0200492957 0.0
-0.0133213551 0.0
0.0240159306 0.0
-0.0180145731 0.0
0.0185349577 0.0
-0.0025308040 0.0
0.0050559132 0.0
-0.0129135892 0.0
0.0029259881 0.0
-0.0117540190 0.0
0.0178777651 0.0
0.0029734224 0.0
-0.0024526118 0.0
-0.0060454616 0.0
-0.0007491294 0.0
-0.0152487786 0.0
0.0081817722 0.0
-0.0360267508 0.0
0.0019535688 0.0
0.0127211946 0.0
0.0053133990 0.0
-0.0261434356 0.0
-0.0074379521 0.0
-0.0252545842 0.0
0.0177610810 0.0
0.0196503217 0.0
-0.0093016259 0.0
-0.0113094791 0.0
-0.0012823572 0.0
0.0207944059 0.0
-0.0148772869 0.0
0.0132264649 0.0
-0.0015748923 0.0
-0.0003940956 0.0
-0.0124539755 0.0
-0.0053622288 0.0
-0.0026519969 0.0
0.0062566346 0.0
-0.0122287332 0.0
0.0188435380 0.0
0.0000793461 0.0
0.0066499442 0.0
0.0030722742 0.0
-0.0080554894 0.0
0.0097846097 0.0
0.0242808078 0.0
-0.0064584772 0.0
0.0039261179 0.0
0.0125220616 0.0
-0.0101428895 0.0
0.0140051405 0.0
0.0126183832 0.0
-0.0020920182 0.0
-0.0021712193 0.0
-0.0022516296 0.0
0.0124683724 0.0
0.0114347968 0.0
0.0046103929 0.0
0.0022607801 0.0
0.0194071259 0.0
0.0146109056 0.0
0.0177960214 0.0
-0.0092422627 0.0
0.0129703908 0.0
-0.0042124053 0.0
0.0078581530 0.0
0.0238145594 0.0
-0.0045019654 0.0
-0.0141760338 0.0
-0.0272833017 0.0
0.0256424500 0.0
-0.0051451242 0.0
0.0095829328 0.0
0.0119175667 0.0
0.0028904698 0.0
-0.0150123569 0.0
-0.0122709545 0.0
0.0045417579 0.0
0.0015094181 0.0
-0.0023335719 0.0
0.0125649607 0.0
-0.0027861015 0.0
0.0007483717 0.0
-0.0047787509 0.0
-0.0003421160 0.0
-0.0033596925 0.0
0.0017841300 0.0
0.0205606542 0.0
0.0014094257 0.0
0.0134570532 0.0
-0.0061731630 0.0
-0.0258318392 0.0
0.0023203311 0.0
0.0101057078 0.0
0.0102047560 0.0
-0.0006014097 0.0
-0.0084572018 0.0
-0.0055421780 0.0
0.0071589115 0.0
0.0299636679 0.0
-0.0084604057 0.0
0.0044685648 0.0
0.0074469995 0.0
0.0042216923 0.0
0.0153704651 0.0
-0.0101347045 0.0
-0.0067275287 0.0
-0.0336621052 0.0
0.0038858674 0.0
-0.0096080730 0.0
0.0061249000 0.0
-0.0016117516 0.0
-0.0185185057 0.0
-0.0215923105 0.0
0.0034219980 0.0
0.0167316371 0.0
0.0066966751 0.0
0.0006127281 0.0
-0.0106057501 0.0
-0.0240892454 0.0
0.0064618527 0.0
-0.0093551687 0.0
0.0080943214 0.0
-0.0249134598 0.0
0.0140592472 0.0
0.0062871718 0.0
0.0090436574 0.0
-0.0027256934 0.0
-0.0006299705 0.0
-0.0091446217 0.0
-0.0042489910 0.0
0.0200237434 0.0
0.0074844108 0.0
0.0117371100 0.0
0.0149675645 0.0
0.0033555300 0.0
0.0014727155 0.0
-0.0052986978 0.0
-0.0003364568 0.0
0.0045645596 0.0
-0.0031528694 0.0
0.0246844063 0.0
-0.0183224574 0.0
-0.0056231873 0.0
0.0070909090 0.0
0.0097507724 0.0
-0.0035045097 0.0
0.0035757371 0.0
-0.0055679341 0.0
0.0024562974 0.0
-0.0193491929 0.0
-0.0003379257 0.0
0.0142351162 0.0
0.0000667631 0.0
0.0066442377 0.0
0.0163557557 0.0
0.0281363696 0.0
0.0168335122 0.0
0.0029231404 0.0
0.0024193723 0.0
0.0032782083 0.0
-0.0321911142 0.0
0.0216377390 0.0
0.0310894718 0.0
-0.0032116546 0.0
-0.0061483324 0.0
-0.0117939189 0.0
0.0212745922 0.0
0.0348327876 0.0
0.0225272070 0.0
-0.0029745213 0.0
0.0276284651 0.0
-0.0208911408 0.0
-0.0080556084 0.0
0.0281103689 0.0
-0.0400553219 0.0
-0.0065231156 0.0
-0.0081553102 0.0
0.0189072030 0.0
0.0152025906 0.0
0.0036370418 0.0
0.0227151902 0.0
-0.0057842173 0.0
0.0005019575 0.0
-0.0066001578 0.0
-0.0035414750 0.0
0.0246968414 0.0
-0.0127728638 0.0
-0.0269601738 0.0
-0.0168340579 0.0
0.0009877466 0.0
0.0001163217 0.0
0.0166442371 0.0
0.0025672193 0.0
-0.0192114564 0.0
0.0050975392 0.0
-0.0190747455 0.0
-0.0212491826 0.0
-0.0104008821 0.0
-0.0128474709 0.0
-0.0048759027 0.0
-0.0114500818 0.0
-0.0005634521 0.0
-0.0029475218 0.0
0.0674508835 0.0
0.0257903201 0.0
-0.0009731671 0.0
0.0070196619 0.0
-0.0168612461 0.0
-0.0016806934 0.0
-0.0042437161 0.0
0.0182983407 0.0
0.0082594814 0.0
-0.0238815882 0.0
-0.0204257583 0.0
0.0014222445 0.0
0.0228885918 0.0
-0.0013899488 0.0
-0.0214986430 0.0
-0.0093998134 0.0
-0.0179727459 0.0
-0.0262045411 0.0
0.0165424222 0.0
0.0128824135 0.0
0.0016362707 0.0
-0.0116958740 0.0
0.0203791774 0.0
-0.0019835096 0.0
-0.0185797239 0.0
-0.0240033651 0.0
-0.0117446576 0.0
0.0343990183 0.0
-0.0275627126 0.0
-0.0241991104 0.0
-0.0269215458 0.0
0.0292455002 0.0
0.0286024735 0.0
0.0064331313 0.0
0.0207033511 0.0
0.0085012528 0.0
0.0205872858 0.0
0.0081999542 0.0
0.0224245173 0.0
0.0037272496 0.0
0.0050239796 0.0
0.0189535628 0.0
-0.0066717098 0.0
-0.0179356973 0.0
-0.0017196540 0.0
0.0234172699 0.0
-0.0191238440 0.0
-0.0186229780 0.0
0.0018024636 0.0
-0.0119804269 0.0
-0.0258472633 0.0
0.0114575983 0.0
0.0162105509 0.0
-0.0304471902 0.0
-0.0013317844 0.0
0.0140165242 0.0
-0.0010160965 0.0
-0.0048554226 0.0
-0.0282153806 0.0
0.0067144194 0.0
-0.0380428836 0.0
-0.0014675244 0.0
0.0441655512 0.0
-0.0372913899 0.0
0.0019645272 0.0
0.0095764562 0.0
0.0401897186 0.0
-0.0573283148 0.0
0.0047158442 0.0
-0.0337524064 0.0
0.0159836260 0.0
-0.0532332849 0.0
-0.0272624699 0.0
0.0314176137 0.0
-0.0107297856 0.0
0.0251048555 0.0
-0.0580730311 0.0
-0.0249501040 0.0
0.0017456573 0.0
0.0393354849 0.0
-0.0194031365 0.0
0.0011391970 0.0
0.0229346768 0.0
0.0399478849 0.0
-0.0053605463 0.0
-0.0008737872 0.0
0.0166717636 0.0
-0.0393187969 0.0
0.0052140428 0.0
0.0174329905 0.0
-0.0050558906 0.0
-0.0366181726 0.0
-0.0393943008 0.0
-0.0390371527 0.0
0.0066503958 0.0
0.0199119160 0.0
-0.0404588345 0.0
0.0114671785 0.0
0.0322354446 0.0
-0.0038345757 0.0
0.0213444530 0.0
0.0242215469 0.0
0.0000000000 0.0
-0.0302424743 0.0
0.0129397238 0.0
-0.0181920574 0.0
0.0160351061 0.0
0.0187534908 0.0
0.0095610894 0.0
0.0237161745 0.0
0.0047036261 0.0
-0.0148680703 0.0
0.0068103732 0.0
-0.0025395050 0.0
0.0202756014 0.0
0.0113848795 0.0
-0.0208592286 0.0
0.0263710604 0.0
0.0134195928 0.0
0.0149813964 0.0
-0.0081439811 0.0
-0.0074257994 0.0
-0.0088656194 0.0
0.0336621414 0.0
0.0035650925 0.0
0.0322668599 0.0
-0.0061723087 0.0
-0.0093308760 0.0
0.0375344027 0.0
-0.0019281114 0.0
-0.0013899884 0.0
-0.0029072267 0.0
0.0003032444 0.0
0.0258574006 0.0
-0.0044414601 0.0
0.0211992563 0.0
0.0063135296 0.0
-0.0009242610 0.0
0.0087463557 0.0
-0.0022943969 0.0
-0.0152170725 0.0
-0.0232985963 0.0
-0.0020311873 0.0
0.0017923621 0.0
0.0148123876 0.0
-0.0384281474 0.0
-0.0137849210 0.0
-0.0154236885 0.0
-0.0106920458 0.0
0.0046959480 0.0
-0.0137046877 0.0
-0.0082490021 0.0
0.0092114163 0.0
-0.0096645771 0.0
0.0186645915 0.0
0.0377850022 0.0
-0.0604717763 0.0
0.0095102226 0.0
-0.0191114543 0.0
-0.0110205598 0.0
0.0247733980 0.0
0.0155441537 0.0
-0.0204759895 0.0
-0.0063955379 0.0
-0.0152394366 0.0
0.0022578768 0.0
0.0065446518 0.0
-0.0127322754 0.0
-0.0503665780 0.0
-0.0304996144 0.0
0.0302891735 0.0
0.0253004167 0.0
0.0020512145 0.0
-0.0066478132 0.0
-0.0374096809 0.0
0.0023528682 0.0
-0.0103079268 0.0
-0.0046156917 0.0
0.0330603843 0.0
-0.0327711738 0.0
0.0287066737 0.0
0.0093654421 0.0
0.0007648922 0.0
-0.0032725779 0.0
0.0266994635 0.0
0.0146944038 0.0
0.0191528598 0.0
-0.0198222506 0.0
-0.0309389114 0.0
0.0728343844 0.0
-0.0155303564 0.0
-0.0176985111 0.0
-0.0380186312 0.0
-0.0433302369 0.0
-0.0019490976 0.0
0.0038946259 0.0
0.0041663724 0.0
-0.0337532217 0.0
0.0852363523 0.0
0.0190856321 0.0
-0.0095310645 0.0
0.0117995805 0.0
-0.0083660650 0.0
0.0128880239 0.0
0.0037746953 0.0
-0.0219187377 0.0
0.0145545697 0.0
0.0059088681 0.0
-0.0197880648 0.0
-0.0266152252 0.0
-0.0213751318 0.0
0.0474500326 0.0
0.0018898077 0.0
-0.0033771811 0.0
-0.0080150836 0.0
-0.0256973546 0.0
-0.0138807869 0.0
0.0120596430 0.0
-0.0034406166 0.0
0.0162570234 0.0
0.0067595662 0.0
-0.0156576803 0.0
-0.0479876443 0.0
-0.0146862169 0.0
-0.0160373851 0.0
-0.0005288680 0.0
0.0235304133 0.0
-0.0240596779 0.0
-0.0028021207 0.0
-0.0139753863 0.0
-0.0311659624 0.0
0.0279305641 0.0
0.0024659634 0.0
-0.0381222278 0.0
0.0102613608 0.0
-0.0106613232 0.0
0.0361333988 0.0
0.0040806725 0.0
0.0044462584 0.0
0.0208925065 0.0
-0.0005994036 0.0
0.0100684690 0.0
0.0087181156 0.0
-0.0053846659 0.0
0.0004436596 0.0
0.0190384091 0.0
0.0232286074 0.0
0.0100127177 0.0
-0.0047116898 0.0
0.0146949523 0.0
0.0135914562 0.0
-0.0202825816 0.0
0.0089805574 0.0
0.0078695637 0.0
0.0363922953 0.0
0.0241069652 0.0
-0.0180913431 0.0
0.0190619041 0.0
-0.0178106386 0.0
-0.0069353334 0.0
0.0024529485 0.0
0.0186322480 0.0
-0.0042337344 0.0
0.0138075294 0.0
-0.0104842431 0.0
-0.0075751224 0.0
-0.0270422996 0.0
0.0028919184 0.0
0.0032851734 0.0
-0.0181693461 0.0
0.0082134413 0.0
-0.0034534896 0.0
-0.0143484764 0.0
0.0041207063 0.0
0.0344884713 0.0
0.0183695300 0.0
-0.0146028101 0.0
0.0083424412 0.0
-0.0150269520 0.0
-0.0139757765 0.0
0.0131785729 0.0
0.0139909424 0.0
0.0026181075 0.0
0.0185212844 0.0
-0.0054688466 0.0
0.0153651171 0.0
0.0118734638 0.0
-0.0091451119 0.0
0.0069451691 0.0
0.0082713561 0.0
-0.0123695845 0.0
-0.0039881858 0.0
0.0195974011 0.0
0.0098414267 0.0
0.0155229049 0.0
0.0076723421 0.0
-0.0032549654 0.0
-0.0113544665 0.0
0.0054808456 0.0
-0.0161012535 0.0
-0.0076201967 0.0
-0.0043627194 0.0
0.0335349530 0.0
-0.0021161268 0.0
0.0001209916 0.0
0.0074767360 0.0
0.0069440786 0.0
-0.0058635445 0.0
-0.0098290197 0.0
0.0018768610 0.0
-0.0094806191 0.0
-0.0000609862 0.0
0.0279996470 0.0
0.0075125779 0.0
-0.0005303372 0.0
-0.0062107610 0.0
-0.0064883999 0.0
-0.0099630035 0.0
0.0458593696 0.0
-0.0004034907 0.0
-0.0100211091 0.0
0.0103670570 0.0
0.0010938111 0.0
-0.0054320930 0.0
-0.0029015165 0.0
0.0000000000 0.0
0.0035965938 0.0
0.0135736934 0.0
0.0006281191 0.0
-0.0054957267 0.0
-0.0152710417 0.0
0.0016306620 0.0
0.0066700545 0.0
0.0140062001 0.0
0.0106031480 0.0
-0.0002820849 0.0
0.0158956592 0.0
0.0047639024 0.0
-0.0075999718 0.0
-0.0020623660 0.0
-0.0077865615 0.0
0.0153467608 0.0
0.0021575103 0.0
0.0155176930 0.0
-0.0026149850 0.0
0.0034852129 0.0
0.0111364426 0.0
-0.0058771487 0.0
0.0004866261 0.0
-0.0056914513 0.0
0.0163902611 0.0
-0.0017128723 0.0
-0.0075815589 0.0
0.0149466527 0.0
0.0063079951 0.0
0.0017948491 0.0
0.0228399136 0.0
-0.0078153381 0.0
-0.0058886771 0.0
0.0025055900 0.0
-0.0059086918 0.0
-0.0109150070 0.0
-0.0028139981 0.0
0.0089453492 0.0
0.0040491718 0.0
0.0007869497 0.0
0.0171575621 0.0
-0.0013411289 0.0
0.0070469006 0.0
-0.0101488118 0.0
-0.0061806339 0.0
0.0042109608 0.0
0.0045036906 0.0
0.0045346987 0.0
-0.0066027719 0.0
0.0134175441 0.0
0.0031609091 0.0
-0.0042851437 0.0
-0.0156112763 0.0
-0.0073484303 0.0
-0.0492112836 0.0
-0.0174042492 0.0
0.0052975825 0.0
-0.0089948116 0.0
-0.0012353383 0.0
0.0003374862 0.0
0.0093495377 0.0
-0.0112637272 0.0
-0.0049713014 0.0
-0.0146621811 0.0
0.0028121349 0.0
0.0077068933 0.0
0.0078740739 0.0
0.0217113710 0.0
-0.0265189979 0.0
0.0125639903 0.0
0.0088070644 0.0
0.0215758258 0.0
0.0189908194 0.0
0.0011717892 0.0
0.0084277610 0.0
0.0012658591 0.0
-0.0364496698 0.0
-0.0296856887 0.0
0.0034856366 0.0
0.0066007005 0.0
-0.0172077801 0.0
-0.0119257398 0.0
0.0087442921 0.0
-0.0041624981 0.0
0.0167718697 0.0
0.0061617869 0.0
-0.0201947456 0.0
-0.0089292038 0.0
0.0049323446 0.0
0.0073531560 0.0
-0.0236764793 0.0
-0.0089373697 0.0
0.0015244463 0.0
0.0030418487 0.0
0.0147266758 0.0
-0.0078002267 0.0
0.0072821356 0.0
0.0071721949 0.0
0.0146427435 0.0
0.0084155184 0.0
-0.0033577309 0.0
0.0078729214 0.0
0.0050485985 0.0
-0.0103461515 0.0
-0.0007271569 0.0
-0.0088235136 0.0
-0.0074224713 0.0
-0.0021631768 0.0
-0.0148134148 0.0
0.0006937846 0.0
0.0025401210 0.0
-0.0135834980 0.0
-0.0249132606 0.0
0.0079377622 0.0
0.0122300864 0.0
0.0028149003 0.0
0.0185652190 0.0
0.0204821138 0.0
-0.0051946595 0.0
0.0144995544 0.0
0.0143472696 0.0
0.0058677510 0.0
-0.0026280291 0.0
0.0229545997 0.0
-0.0086207594 0.0
0.0141846783 0.0
0.0030363113 0.0
0.0090014951 0.0
-0.0001053570 0.0
0.0092354374 0.0
-0.0042398973 0.0
0.0035082306 0.0
-0.0070288931 0.0
-0.0009479609 0.0
0.0032088944 0.0
-0.0054243312 0.0
0.0030581041 0.0
0.0067683933 0.0
-0.0095096827 0.0
0.0208443432 0.0
-0.0057033103 0.0
0.0100883320 0.0
0.0073850574 0.0
-0.0130116115 0.0
0.0078889811 0.0
0.0165536507 0.0
0.0007574627 0.0
-0.0027295395 0.0
-0.0085397225 0.0
0.0053459835 0.0
-0.0107717540 0.0
-0.0007703773 0.0
-0.0055628945 0.0
-0.0028449774 0.0
0.0005179866 0.0
0.0022237509 0.0
-0.0054390275 0.0
-0.0364425754 0.0
-0.0075157517 0.0
-0.0127814703 0.0
-0.0040210672 0.0
0.0238872208 0.0
-0.0022659140 0.0
0.0056552694 0.0
-0.0032276417 0.0
0.0017764672 0.0
-0.0123936300 0.0
-0.0051868223 0.0
0.0320513535 0.0
0.0154137736 0.0
0.0120898675 0.0
0.0066312304 0.0
-0.0034900849 0.0
-0.0016981142 0.0
-0.0090535390 0.0
-0.0035923535 0.0
-0.0194333779 0.0
-0.0195474484 0.0
0.0132524121 0.0
-0.0054198322 0.0
0.0097984783 0.0
0.0085946979 0.0
0.0005809246 0.0
-0.0057711781 0.0
0.0040855174 0.0
-0.0090427286 0.0
-0.0113384100 0.0
-0.0048212985 0.0
-0.0015760343 0.0
-0.0084661975 0.0
-0.0041223575 0.0
0.0041774363 0.0
0.0111811048 0.0
-0.0100848683 0.0
-0.0074791303 0.0
0.0080816157 0.0
-0.0066473885 0.0
-0.0036999441 0.0
-0.0060486404 0.0
-0.0257088736 0.0
-0.0288533039 0.0
-0.0058956386 0.0
-0.0007097746 0.0
0.0101846966 0.0
0.0117621398 0.0
0.0027746010 0.0
-0.0121965289 0.0
0.0108680597 0.0
-0.0021990683 0.0
0.0063522670 0.0
0.0134936216 0.0
0.0146020461 0.0
-0.0417156201 0.0
0.0052962339 0.0
-0.0083350772 0.0
-0.0066948870 0.0
0.0209907276 0.0
-0.0106153244 0.0
-0.0084916057 0.0
-0.0070234322 0.0
0.0047859087 0.0
-0.0049043202 0.0
0.0044917980 0.0
-0.0066858537 0.0
0.0072163888 0.0
-0.0112018741 0.0
0.0423608967 0.0
0.0085896658 0.0
-0.0221060345 0.0
-0.0193533054 0.0
-0.0081808552 0.0
-0.0057306857 0.0
-0.0122878198 0.0
0.0050781310 0.0
0.0063712074 0.0
0.0126223694 0.0
0.0051339943 0.0
-0.0034788325 0.0
0.0245053443 0.0
-0.0184398875 0.0
-0.0060654568 0.0
0.0217927492 0.0
0.0580954401 0.0
-0.0091483442 0.0
